20.   1.2   2.36   3.38   4.09   4.27   0.601   0.581   0.51   0.354   0.0912   
120.   2.16   4.33   6.44   8.38   9.68   1.08   1.08   1.06   0.967   0.654   
220.   2.58   5.19   7.77   10.2   12.   1.29   1.3   1.29   1.23   0.886   
320.   2.86   5.77   8.67   11.5   13.5   1.43   1.45   1.45   1.4   1.04   
420.   3.08   6.21   9.35   12.4   14.7   1.54   1.56   1.57   1.53   1.15   
520.   3.25   6.56   9.9   13.2   15.7   1.63   1.65   1.67   1.63   1.24   
620.   3.4   6.87   10.4   13.8   16.4   1.7   1.73   1.75   1.72   1.32   
720.   3.53   7.13   10.8   14.4   17.1   1.76   1.8   1.82   1.8   1.38   
820.   3.64   7.36   11.1   14.9   17.7   1.82   1.86   1.88   1.86   1.44   
900.   3.72   7.53   11.4   15.2   18.2   1.86   1.9   1.93   1.91   1.48   
920.   3.74   7.56   11.4   15.3   18.3   1.87   1.91   1.94   1.92   1.49   
940.   3.76   7.6   11.5   15.4   18.4   1.88   1.92   1.95   1.94   1.5   
960.   3.78   7.64   11.6   15.5   18.5   1.89   1.93   1.96   1.95   1.51   
980.   3.8   7.68   11.6   15.5   18.6   1.9   1.94   1.97   1.96   1.52   
1000.   3.82   7.72   11.7   15.6   18.7   1.91   1.95   1.98   1.97   1.53   
1020.   3.84   7.75   11.7   15.7   18.8   1.92   1.96   1.99   1.98   1.54   
1040.   3.85   7.79   11.8   15.8   18.9   1.93   1.97   2.   1.99   1.55   
1060.   3.87   7.82   11.8   15.8   18.9   1.94   1.98   2.01   2.   1.55   
1080.   3.89   7.86   11.9   15.9   19.   1.94   1.98   2.02   2.01   1.56   
1100.   3.9   7.89   11.9   16.   19.1   1.95   1.99   2.03   2.02   1.57   
1120.   3.92   7.92   12.   16.1   19.2   1.96   2.   2.04   2.03   1.58   
1140.   3.94   7.96   12.   16.1   19.3   1.97   2.01   2.05   2.04   1.59   
1160.   3.95   7.99   12.1   16.2   19.4   1.98   2.02   2.05   2.05   1.59   
1180.   3.97   8.02   12.1   16.3   19.5   1.98   2.03   2.06   2.06   1.6   
1200.   3.98   8.05   12.2   16.3   19.5   1.99   2.03   2.07   2.06   1.61   
1220.   4.   8.08   12.2   16.4   19.6   2.   2.04   2.08   2.07   1.62   
1240.   4.01   8.11   12.3   16.4   19.7   2.01   2.05   2.09   2.08   1.62   
1260.   4.03   8.14   12.3   16.5   19.8   2.01   2.06   2.1   2.09   1.63   
1280.   4.04   8.17   12.4   16.6   19.9   2.02   2.06   2.1   2.1   1.64   
1300.   4.06   8.2   12.4   16.6   19.9   2.03   2.07   2.11   2.11   1.65   
1320.   4.07   8.23   12.5   16.7   20.   2.03   2.08   2.12   2.11   1.65   
1340.   4.08   8.26   12.5   16.8   20.1   2.04   2.09   2.13   2.12   1.66   
1360.   4.1   8.28   12.6   16.8   20.1   2.05   2.09   2.13   2.13   1.67   
1380.   4.11   8.31   12.6   16.9   20.2   2.06   2.1   2.14   2.14   1.67   
1400.   4.12   8.34   12.6   16.9   20.3   2.06   2.11   2.15   2.15   1.68   
1420.   4.14   8.37   12.7   17.   20.4   2.07   2.11   2.16   2.15   1.69   
1440.   4.15   8.39   12.7   17.   20.4   2.07   2.12   2.16   2.16   1.69   
1460.   4.16   8.42   12.8   17.1   20.5   2.08   2.13   2.17   2.17   1.7   
1480.   4.18   8.44   12.8   17.1   20.6   2.09   2.13   2.18   2.18   1.7   
1500.   4.19   8.47   12.8   17.2   20.6   2.09   2.14   2.18   2.18   1.71   
1520.   4.2   8.49   12.9   17.3   20.7   2.1   2.15   2.19   2.19   1.72   
1540.   4.21   8.52   12.9   17.3   20.8   2.11   2.15   2.2   2.2   1.72   
1560.   4.22   8.54   12.9   17.4   20.8   2.11   2.16   2.2   2.2   1.73   
1580.   4.24   8.57   13.   17.4   20.9   2.12   2.17   2.21   2.21   1.73   
1600.   4.25   8.59   13.   17.5   20.9   2.12   2.17   2.22   2.22   1.74   
1620.   4.26   8.61   13.1   17.5   21.   2.13   2.18   2.22   2.22   1.75   
1640.   4.27   8.64   13.1   17.6   21.1   2.14   2.18   2.23   2.23   1.75   
1660.   4.28   8.66   13.1   17.6   21.1   2.14   2.19   2.23   2.24   1.76   
1680.   4.29   8.68   13.2   17.7   21.2   2.15   2.2   2.24   2.24   1.76   
1700.   4.3   8.71   13.2   17.7   21.2   2.15   2.2   2.25   2.25   1.77   
1720.   4.32   8.73   13.2   17.7   21.3   2.16   2.21   2.25   2.26   1.77   
1740.   4.33   8.75   13.3   17.8   21.4   2.16   2.21   2.26   2.26   1.78   
1760.   4.34   8.77   13.3   17.8   21.4   2.17   2.22   2.26   2.27   1.78   
1780.   4.35   8.79   13.3   17.9   21.5   2.17   2.22   2.27   2.28   1.79   
1800.   4.36   8.82   13.4   17.9   21.5   2.18   2.23   2.28   2.28   1.79   
1820.   4.37   8.84   13.4   18.   21.6   2.18   2.23   2.28   2.29   1.8   
1840.   4.38   8.86   13.4   18.   21.6   2.19   2.24   2.29   2.29   1.8   
1860.   4.39   8.88   13.5   18.1   21.7   2.19   2.24   2.29   2.3   1.81   
1880.   4.4   8.9   13.5   18.1   21.7   2.2   2.25   2.3   2.31   1.81   
1900.   4.41   8.92   13.5   18.1   21.8   2.2   2.26   2.3   2.31   1.82   
1920.   4.42   8.94   13.6   18.2   21.8   2.21   2.26   2.31   2.32   1.82   
1940.   4.43   8.96   13.6   18.2   21.9   2.21   2.27   2.31   2.32   1.83   
1960.   4.44   8.98   13.6   18.3   21.9   2.22   2.27   2.32   2.33   1.83   
1980.   4.45   9.   13.6   18.3   22.   2.22   2.28   2.33   2.33   1.84   
2000.   4.46   9.02   13.7   18.4   22.   2.23   2.28   2.33   2.34   1.84   
2020.   4.47   9.04   13.7   18.4   22.1   2.23   2.29   2.34   2.34   1.85   
2040.   4.48   9.06   13.7   18.4   22.1   2.24   2.29   2.34   2.35   1.85   
2060.   4.49   9.08   13.8   18.5   22.2   2.24   2.29   2.35   2.35   1.86   
2080.   4.49   9.09   13.8   18.5   22.2   2.25   2.3   2.35   2.36   1.86   
2100.   4.5   9.11   13.8   18.6   22.3   2.25   2.3   2.36   2.37   1.87   
2120.   4.51   9.13   13.9   18.6   22.3   2.26   2.31   2.36   2.37   1.87   
2140.   4.52   9.15   13.9   18.6   22.4   2.26   2.31   2.37   2.38   1.87   
2160.   4.53   9.17   13.9   18.7   22.4   2.27   2.32   2.37   2.38   1.88   
2180.   4.54   9.18   13.9   18.7   22.5   2.27   2.32   2.38   2.39   1.88   
2200.   4.55   9.2   14.   18.7   22.5   2.27   2.33   2.38   2.39   1.89   
2220.   4.56   9.22   14.   18.8   22.6   2.28   2.33   2.38   2.4   1.89   
2240.   4.56   9.24   14.   18.8   22.6   2.28   2.34   2.39   2.4   1.89   
2260.   4.57   9.25   14.   18.9   22.7   2.29   2.34   2.39   2.41   1.9   
2280.   4.58   9.27   14.1   18.9   22.7   2.29   2.35   2.4   2.41   1.9   
2300.   4.59   9.29   14.1   18.9   22.7   2.3   2.35   2.4   2.42   1.91   
2320.   4.6   9.31   14.1   19.   22.8   2.3   2.35   2.41   2.42   1.91   
2340.   4.61   9.32   14.1   19.   22.8   2.3   2.36   2.41   2.42   1.92   
2360.   4.61   9.34   14.2   19.   22.9   2.31   2.36   2.42   2.43   1.92   
2380.   4.62   9.36   14.2   19.1   22.9   2.31   2.37   2.42   2.43   1.92   
2400.   4.63   9.37   14.2   19.1   23.   2.32   2.37   2.43   2.44   1.93   
2420.   4.64   9.39   14.2   19.1   23.   2.32   2.37   2.43   2.44   1.93   
2440.   4.65   9.4   14.3   19.2   23.   2.32   2.38   2.43   2.45   1.93   
2460.   4.65   9.42   14.3   19.2   23.1   2.33   2.38   2.44   2.45   1.94   
2480.   4.66   9.44   14.3   19.2   23.1   2.33   2.39   2.44   2.46   1.94   
2500.   4.67   9.45   14.3   19.3   23.2   2.34   2.39   2.45   2.46   1.95   
2520.   4.68   9.47   14.4   19.3   23.2   2.34   2.39   2.45   2.47   1.95   
2540.   4.69   9.48   14.4   19.3   23.2   2.34   2.4   2.45   2.47   1.95   
2560.   4.69   9.5   14.4   19.4   23.3   2.35   2.4   2.46   2.47   1.96   
2580.   4.7   9.51   14.4   19.4   23.3   2.35   2.41   2.46   2.48   1.96   
2600.   4.71   9.53   14.5   19.4   23.4   2.35   2.41   2.47   2.48   1.96   
2620.   4.72   9.54   14.5   19.5   23.4   2.36   2.41   2.47   2.49   1.97   
2640.   4.72   9.56   14.5   19.5   23.4   2.36   2.42   2.48   2.49   1.97   
2660.   4.73   9.57   14.5   19.5   23.5   2.36   2.42   2.48   2.5   1.97   
2680.   4.74   9.59   14.6   19.6   23.5   2.37   2.43   2.48   2.5   1.98   
2700.   4.74   9.6   14.6   19.6   23.5   2.37   2.43   2.49   2.5   1.98   
2720.   4.75   9.62   14.6   19.6   23.6   2.38   2.43   2.49   2.51   1.98   
2740.   4.76   9.63   14.6   19.6   23.6   2.38   2.44   2.49   2.51   1.99   
2760.   4.77   9.65   14.6   19.7   23.7   2.38   2.44   2.5   2.52   1.99   
2780.   4.77   9.66   14.7   19.7   23.7   2.39   2.44   2.5   2.52   2.   
2800.   4.78   9.67   14.7   19.7   23.7   2.39   2.45   2.51   2.52   2.   
2820.   4.79   9.69   14.7   19.8   23.8   2.39   2.45   2.51   2.53   2.   
2840.   4.79   9.7   14.7   19.8   23.8   2.4   2.45   2.51   2.53   2.   
2860.   4.8   9.72   14.8   19.8   23.8   2.4   2.46   2.52   2.54   2.01   
2880.   4.81   9.73   14.8   19.9   23.9   2.4   2.46   2.52   2.54   2.01   
2900.   4.81   9.74   14.8   19.9   23.9   2.41   2.47   2.52   2.54   2.01   
2920.   4.82   9.76   14.8   19.9   23.9   2.41   2.47   2.53   2.55   2.02   
2940.   4.83   9.77   14.8   19.9   24.   2.41   2.47   2.53   2.55   2.02   
2960.   4.83   9.78   14.9   20.   24.   2.42   2.48   2.54   2.55   2.02   
2980.   4.84   9.8   14.9   20.   24.   2.42   2.48   2.54   2.56   2.03   
3000.   4.85   9.81   14.9   20.   24.1   2.42   2.48   2.54   2.56   2.03   
3020.   4.85   9.82   14.9   20.   24.1   2.43   2.49   2.55   2.57   2.03   
3040.   4.86   9.84   14.9   20.1   24.1   2.43   2.49   2.55   2.57   2.04   
3060.   4.87   9.85   15.   20.1   24.2   2.43   2.49   2.55   2.57   2.04   
3080.   4.87   9.86   15.   20.1   24.2   2.44   2.5   2.56   2.58   2.04   
3100.   4.88   9.88   15.   20.2   24.2   2.44   2.5   2.56   2.58   2.05   
3120.   4.88   9.89   15.   20.2   24.3   2.44   2.5   2.56   2.58   2.05   
3140.   4.89   9.9   15.   20.2   24.3   2.45   2.51   2.57   2.59   2.05   
3160.   4.9   9.91   15.1   20.2   24.3   2.45   2.51   2.57   2.59   2.05   
3180.   4.9   9.93   15.1   20.3   24.4   2.45   2.51   2.57   2.59   2.06   
3200.   4.91   9.94   15.1   20.3   24.4   2.45   2.51   2.58   2.6   2.06   
3220.   4.92   9.95   15.1   20.3   24.4   2.46   2.52   2.58   2.6   2.06   
3240.   4.92   9.96   15.1   20.3   24.5   2.46   2.52   2.58   2.6   2.07   
3260.   4.93   9.98   15.1   20.4   24.5   2.46   2.52   2.59   2.61   2.07   
3280.   4.93   9.99   15.2   20.4   24.5   2.47   2.53   2.59   2.61   2.07   
3300.   4.94   10.   15.2   20.4   24.6   2.47   2.53   2.59   2.62   2.07   
3320.   4.94   10.   15.2   20.4   24.6   2.47   2.53   2.6   2.62   2.08   
3340.   4.95   10.   15.2   20.5   24.6   2.48   2.54   2.6   2.62   2.08   
3360.   4.96   10.   15.2   20.5   24.7   2.48   2.54   2.6   2.63   2.08   
3380.   4.96   10.   15.3   20.5   24.7   2.48   2.54   2.61   2.63   2.09   
3400.   4.97   10.1   15.3   20.5   24.7   2.48   2.55   2.61   2.63   2.09   
3420.   4.97   10.1   15.3   20.6   24.7   2.49   2.55   2.61   2.64   2.09   
3440.   4.98   10.1   15.3   20.6   24.8   2.49   2.55   2.62   2.64   2.09   
3460.   4.99   10.1   15.3   20.6   24.8   2.49   2.55   2.62   2.64   2.1   
3480.   4.99   10.1   15.3   20.6   24.8   2.5   2.56   2.62   2.64   2.1   
3500.   5.   10.1   15.4   20.7   24.9   2.5   2.56   2.62   2.65   2.1   
3520.   5.   10.1   15.4   20.7   24.9   2.5   2.56   2.63   2.65   2.11   
3540.   5.01   10.1   15.4   20.7   24.9   2.5   2.57   2.63   2.65   2.11   
3560.   5.01   10.2   15.4   20.7   25.   2.51   2.57   2.63   2.66   2.11   
3580.   5.02   10.2   15.4   20.8   25.   2.51   2.57   2.64   2.66   2.11   
3600.   5.02   10.2   15.5   20.8   25.   2.51   2.57   2.64   2.66   2.12   
3620.   5.03   10.2   15.5   20.8   25.   2.51   2.58   2.64   2.67   2.12   
3640.   5.04   10.2   15.5   20.8   25.1   2.52   2.58   2.65   2.67   2.12   
3660.   5.04   10.2   15.5   20.8   25.1   2.52   2.58   2.65   2.67   2.12   
3680.   5.05   10.2   15.5   20.9   25.1   2.52   2.59   2.65   2.68   2.13   
3700.   5.05   10.2   15.5   20.9   25.2   2.53   2.59   2.65   2.68   2.13   
3720.   5.06   10.2   15.6   20.9   25.2   2.53   2.59   2.66   2.68   2.13   
3740.   5.06   10.2   15.6   20.9   25.2   2.53   2.59   2.66   2.69   2.13   
3760.   5.07   10.3   15.6   21.   25.2   2.53   2.6   2.66   2.69   2.14   
3780.   5.07   10.3   15.6   21.   25.3   2.54   2.6   2.67   2.69   2.14   
3800.   5.08   10.3   15.6   21.   25.3   2.54   2.6   2.67   2.69   2.14   
3820.   5.08   10.3   15.6   21.   25.3   2.54   2.6   2.67   2.7   2.14   
3840.   5.09   10.3   15.6   21.   25.3   2.54   2.61   2.67   2.7   2.15   
3860.   5.09   10.3   15.7   21.1   25.4   2.55   2.61   2.68   2.7   2.15   
3880.   5.1   10.3   15.7   21.1   25.4   2.55   2.61   2.68   2.71   2.15   
3900.   5.1   10.3   15.7   21.1   25.4   2.55   2.62   2.68   2.71   2.15   
3920.   5.11   10.3   15.7   21.1   25.4   2.55   2.62   2.68   2.71   2.16   
3940.   5.11   10.4   15.7   21.2   25.5   2.56   2.62   2.69   2.71   2.16   
3960.   5.12   10.4   15.7   21.2   25.5   2.56   2.62   2.69   2.72   2.16   
3980.   5.12   10.4   15.8   21.2   25.5   2.56   2.63   2.69   2.72   2.16   
4000.   5.13   10.4   15.8   21.2   25.6   2.56   2.63   2.7   2.72   2.16   
4020.   5.13   10.4   15.8   21.2   25.6   2.57   2.63   2.7   2.73   2.17   
4040.   5.14   10.4   15.8   21.3   25.6   2.57   2.63   2.7   2.73   2.17   
4060.   5.14   10.4   15.8   21.3   25.6   2.57   2.64   2.7   2.73   2.17   
4080.   5.15   10.4   15.8   21.3   25.7   2.57   2.64   2.71   2.73   2.17   
4100.   5.15   10.4   15.9   21.3   25.7   2.58   2.64   2.71   2.74   2.18   
4120.   5.16   10.4   15.9   21.3   25.7   2.58   2.64   2.71   2.74   2.18   
4140.   5.16   10.5   15.9   21.4   25.7   2.58   2.65   2.71   2.74   2.18   
4160.   5.17   10.5   15.9   21.4   25.8   2.58   2.65   2.72   2.74   2.18   
4180.   5.17   10.5   15.9   21.4   25.8   2.59   2.65   2.72   2.75   2.19   
4200.   5.18   10.5   15.9   21.4   25.8   2.59   2.65   2.72   2.75   2.19   
4220.   5.18   10.5   15.9   21.4   25.8   2.59   2.66   2.72   2.75   2.19   
4240.   5.19   10.5   16.   21.5   25.9   2.59   2.66   2.73   2.76   2.19   
4260.   5.19   10.5   16.   21.5   25.9   2.6   2.66   2.73   2.76   2.19   
4280.   5.19   10.5   16.   21.5   25.9   2.6   2.66   2.73   2.76   2.2   
4300.   5.2   10.5   16.   21.5   25.9   2.6   2.67   2.73   2.76   2.2   
4320.   5.2   10.5   16.   21.5   25.9   2.6   2.67   2.74   2.77   2.2   
4340.   5.21   10.5   16.   21.6   26.   2.6   2.67   2.74   2.77   2.2   
4360.   5.21   10.6   16.   21.6   26.   2.61   2.67   2.74   2.77   2.21   
4380.   5.22   10.6   16.1   21.6   26.   2.61   2.67   2.74   2.77   2.21   
4400.   5.22   10.6   16.1   21.6   26.   2.61   2.68   2.75   2.78   2.21   
4420.   5.23   10.6   16.1   21.6   26.1   2.61   2.68   2.75   2.78   2.21   
4440.   5.23   10.6   16.1   21.7   26.1   2.62   2.68   2.75   2.78   2.21   
4460.   5.24   10.6   16.1   21.7   26.1   2.62   2.68   2.75   2.78   2.22   
4480.   5.24   10.6   16.1   21.7   26.1   2.62   2.69   2.76   2.79   2.22   
4500.   5.24   10.6   16.1   21.7   26.2   2.62   2.69   2.76   2.79   2.22   
4520.   5.25   10.6   16.2   21.7   26.2   2.62   2.69   2.76   2.79   2.22   
4540.   5.25   10.6   16.2   21.8   26.2   2.63   2.69   2.76   2.79   2.22   
4560.   5.26   10.6   16.2   21.8   26.2   2.63   2.7   2.77   2.8   2.23   
4580.   5.26   10.7   16.2   21.8   26.2   2.63   2.7   2.77   2.8   2.23   
4600.   5.27   10.7   16.2   21.8   26.3   2.63   2.7   2.77   2.8   2.23   
4620.   5.27   10.7   16.2   21.8   26.3   2.64   2.7   2.77   2.8   2.23   
4640.   5.27   10.7   16.2   21.8   26.3   2.64   2.7   2.78   2.81   2.23   
4660.   5.28   10.7   16.2   21.9   26.3   2.64   2.71   2.78   2.81   2.24   
4680.   5.28   10.7   16.3   21.9   26.4   2.64   2.71   2.78   2.81   2.24   
4700.   5.29   10.7   16.3   21.9   26.4   2.64   2.71   2.78   2.81   2.24   
4720.   5.29   10.7   16.3   21.9   26.4   2.65   2.71   2.78   2.82   2.24   
4740.   5.3   10.7   16.3   21.9   26.4   2.65   2.72   2.79   2.82   2.24   
4760.   5.3   10.7   16.3   22.   26.4   2.65   2.72   2.79   2.82   2.25   
4780.   5.3   10.7   16.3   22.   26.5   2.65   2.72   2.79   2.82   2.25   
4800.   5.31   10.8   16.3   22.   26.5   2.65   2.72   2.79   2.83   2.25   
4820.   5.31   10.8   16.4   22.   26.5   2.66   2.72   2.8   2.83   2.25   
4840.   5.32   10.8   16.4   22.   26.5   2.66   2.73   2.8   2.83   2.25   
4860.   5.32   10.8   16.4   22.   26.6   2.66   2.73   2.8   2.83   2.26   
4880.   5.32   10.8   16.4   22.1   26.6   2.66   2.73   2.8   2.83   2.26   
4900.   5.33   10.8   16.4   22.1   26.6   2.66   2.73   2.8   2.84   2.26   
4920.   5.33   10.8   16.4   22.1   26.6   2.67   2.73   2.81   2.84   2.26   
4940.   5.34   10.8   16.4   22.1   26.6   2.67   2.74   2.81   2.84   2.26   
4960.   5.34   10.8   16.4   22.1   26.7   2.67   2.74   2.81   2.84   2.27   
4980.   5.35   10.8   16.5   22.1   26.7   2.67   2.74   2.81   2.85   2.27   
5000.   5.35   10.8   16.5   22.2   26.7   2.67   2.74   2.82   2.85   2.27   
5020.   5.35   10.8   16.5   22.2   26.7   2.68   2.74   2.82   2.85   2.27   
5040.   5.36   10.9   16.5   22.2   26.7   2.68   2.75   2.82   2.85   2.27   
5060.   5.36   10.9   16.5   22.2   26.8   2.68   2.75   2.82   2.86   2.28   
5080.   5.36   10.9   16.5   22.2   26.8   2.68   2.75   2.82   2.86   2.28   
5100.   5.37   10.9   16.5   22.2   26.8   2.68   2.75   2.83   2.86   2.28   
5120.   5.37   10.9   16.5   22.3   26.8   2.69   2.75   2.83   2.86   2.28   
5140.   5.38   10.9   16.6   22.3   26.8   2.69   2.76   2.83   2.86   2.28   
5160.   5.38   10.9   16.6   22.3   26.9   2.69   2.76   2.83   2.87   2.28   
5180.   5.38   10.9   16.6   22.3   26.9   2.69   2.76   2.83   2.87   2.29   
5200.   5.39   10.9   16.6   22.3   26.9   2.69   2.76   2.84   2.87   2.29   
5220.   5.39   10.9   16.6   22.3   26.9   2.7   2.76   2.84   2.87   2.29   
5240.   5.4   10.9   16.6   22.4   26.9   2.7   2.77   2.84   2.87   2.29   
5260.   5.4   10.9   16.6   22.4   27.   2.7   2.77   2.84   2.88   2.29   
5280.   5.4   10.9   16.6   22.4   27.   2.7   2.77   2.85   2.88   2.3   
5300.   5.41   11.   16.6   22.4   27.   2.7   2.77   2.85   2.88   2.3   
5320.   5.41   11.   16.7   22.4   27.   2.71   2.77   2.85   2.88   2.3   
5340.   5.41   11.   16.7   22.4   27.   2.71   2.78   2.85   2.89   2.3   
5360.   5.42   11.   16.7   22.5   27.1   2.71   2.78   2.85   2.89   2.3   
5380.   5.42   11.   16.7   22.5   27.1   2.71   2.78   2.86   2.89   2.3   
5400.   5.43   11.   16.7   22.5   27.1   2.71   2.78   2.86   2.89   2.31   
5420.   5.43   11.   16.7   22.5   27.1   2.71   2.78   2.86   2.89   2.31   
5440.   5.43   11.   16.7   22.5   27.1   2.72   2.79   2.86   2.9   2.31   
5460.   5.44   11.   16.7   22.5   27.2   2.72   2.79   2.86   2.9   2.31   
5480.   5.44   11.   16.8   22.6   27.2   2.72   2.79   2.87   2.9   2.31   
5500.   5.44   11.   16.8   22.6   27.2   2.72   2.79   2.87   2.9   2.31   
5520.   5.45   11.   16.8   22.6   27.2   2.72   2.79   2.87   2.9   2.32   
5540.   5.45   11.   16.8   22.6   27.2   2.73   2.8   2.87   2.91   2.32   
5560.   5.46   11.   16.8   22.6   27.3   2.73   2.8   2.87   2.91   2.32   
5580.   5.46   11.1   16.8   22.6   27.3   2.73   2.8   2.88   2.91   2.32   
5600.   5.46   11.1   16.8   22.6   27.3   2.73   2.8   2.88   2.91   2.32   
5620.   5.47   11.1   16.8   22.7   27.3   2.73   2.8   2.88   2.91   2.32   
5640.   5.47   11.1   16.8   22.7   27.3   2.73   2.8   2.88   2.92   2.33   
5660.   5.47   11.1   16.9   22.7   27.3   2.74   2.81   2.88   2.92   2.33   
5680.   5.48   11.1   16.9   22.7   27.4   2.74   2.81   2.88   2.92   2.33   
5700.   5.48   11.1   16.9   22.7   27.4   2.74   2.81   2.89   2.92   2.33   
5720.   5.48   11.1   16.9   22.7   27.4   2.74   2.81   2.89   2.92   2.33   
5740.   5.49   11.1   16.9   22.7   27.4   2.74   2.81   2.89   2.93   2.33   
5760.   5.49   11.1   16.9   22.8   27.4   2.75   2.82   2.89   2.93   2.34   
5780.   5.49   11.1   16.9   22.8   27.5   2.75   2.82   2.89   2.93   2.34   
5800.   5.5   11.1   16.9   22.8   27.5   2.75   2.82   2.9   2.93   2.34   
5820.   5.5   11.1   16.9   22.8   27.5   2.75   2.82   2.9   2.93   2.34   
5840.   5.5   11.2   16.9   22.8   27.5   2.75   2.82   2.9   2.94   2.34   
5860.   5.51   11.2   17.   22.8   27.5   2.75   2.82   2.9   2.94   2.34   
5880.   5.51   11.2   17.   22.9   27.5   2.76   2.83   2.9   2.94   2.35   
5900.   5.51   11.2   17.   22.9   27.6   2.76   2.83   2.91   2.94   2.35   
5920.   5.52   11.2   17.   22.9   27.6   2.76   2.83   2.91   2.94   2.35   
5940.   5.52   11.2   17.   22.9   27.6   2.76   2.83   2.91   2.95   2.35   
5960.   5.52   11.2   17.   22.9   27.6   2.76   2.83   2.91   2.95   2.35   
5980.   5.53   11.2   17.   22.9   27.6   2.76   2.84   2.91   2.95   2.35   
6000.   5.53   11.2   17.   22.9   27.6   2.77   2.84   2.91   2.95   2.36   
6020.   5.53   11.2   17.   23.   27.7   2.77   2.84   2.92   2.95   2.36   
6040.   5.54   11.2   17.1   23.   27.7   2.77   2.84   2.92   2.96   2.36   
6060.   5.54   11.2   17.1   23.   27.7   2.77   2.84   2.92   2.96   2.36   
6080.   5.54   11.2   17.1   23.   27.7   2.77   2.84   2.92   2.96   2.36   
6100.   5.55   11.2   17.1   23.   27.7   2.77   2.85   2.92   2.96   2.36   
6120.   5.55   11.2   17.1   23.   27.8   2.78   2.85   2.93   2.96   2.36   
6140.   5.55   11.3   17.1   23.   27.8   2.78   2.85   2.93   2.96   2.37   
6160.   5.56   11.3   17.1   23.   27.8   2.78   2.85   2.93   2.97   2.37   
6180.   5.56   11.3   17.1   23.1   27.8   2.78   2.85   2.93   2.97   2.37   
6200.   5.56   11.3   17.1   23.1   27.8   2.78   2.85   2.93   2.97   2.37   
6220.   5.57   11.3   17.1   23.1   27.8   2.78   2.86   2.93   2.97   2.37   
6240.   5.57   11.3   17.2   23.1   27.9   2.79   2.86   2.94   2.97   2.37   
6260.   5.57   11.3   17.2   23.1   27.9   2.79   2.86   2.94   2.98   2.38   
6280.   5.58   11.3   17.2   23.1   27.9   2.79   2.86   2.94   2.98   2.38   
6300.   5.58   11.3   17.2   23.1   27.9   2.79   2.86   2.94   2.98   2.38   
6320.   5.58   11.3   17.2   23.2   27.9   2.79   2.86   2.94   2.98   2.38   
6340.   5.59   11.3   17.2   23.2   27.9   2.79   2.87   2.94   2.98   2.38   
6360.   5.59   11.3   17.2   23.2   28.   2.8   2.87   2.95   2.98   2.38   
6380.   5.59   11.3   17.2   23.2   28.   2.8   2.87   2.95   2.99   2.38   
6400.   5.6   11.3   17.2   23.2   28.   2.8   2.87   2.95   2.99   2.39   
6420.   5.6   11.3   17.2   23.2   28.   2.8   2.87   2.95   2.99   2.39   
6440.   5.6   11.4   17.3   23.2   28.   2.8   2.87   2.95   2.99   2.39   
6460.   5.61   11.4   17.3   23.3   28.   2.8   2.88   2.95   2.99   2.39   
6480.   5.61   11.4   17.3   23.3   28.1   2.8   2.88   2.96   3.   2.39   
6500.   5.61   11.4   17.3   23.3   28.1   2.81   2.88   2.96   3.   2.39   
6520.   5.62   11.4   17.3   23.3   28.1   2.81   2.88   2.96   3.   2.39   
6540.   5.62   11.4   17.3   23.3   28.1   2.81   2.88   2.96   3.   2.4   
6560.   5.62   11.4   17.3   23.3   28.1   2.81   2.88   2.96   3.   2.4   
6580.   5.62   11.4   17.3   23.3   28.1   2.81   2.88   2.96   3.   2.4   
6600.   5.63   11.4   17.3   23.3   28.1   2.81   2.89   2.97   3.01   2.4   
6620.   5.63   11.4   17.3   23.4   28.2   2.82   2.89   2.97   3.01   2.4   
6640.   5.63   11.4   17.4   23.4   28.2   2.82   2.89   2.97   3.01   2.4   
6660.   5.64   11.4   17.4   23.4   28.2   2.82   2.89   2.97   3.01   2.4   
6680.   5.64   11.4   17.4   23.4   28.2   2.82   2.89   2.97   3.01   2.41   
6700.   5.64   11.4   17.4   23.4   28.2   2.82   2.89   2.97   3.01   2.41   
6720.   5.65   11.4   17.4   23.4   28.2   2.82   2.9   2.98   3.02   2.41   
6740.   5.65   11.4   17.4   23.4   28.3   2.82   2.9   2.98   3.02   2.41   
6760.   5.65   11.4   17.4   23.4   28.3   2.83   2.9   2.98   3.02   2.41   
6780.   5.65   11.5   17.4   23.5   28.3   2.83   2.9   2.98   3.02   2.41   
6800.   5.66   11.5   17.4   23.5   28.3   2.83   2.9   2.98   3.02   2.41   
6820.   5.66   11.5   17.4   23.5   28.3   2.83   2.9   2.98   3.02   2.42   
6840.   5.66   11.5   17.4   23.5   28.3   2.83   2.91   2.99   3.03   2.42   
6860.   5.67   11.5   17.5   23.5   28.3   2.83   2.91   2.99   3.03   2.42   
6880.   5.67   11.5   17.5   23.5   28.4   2.83   2.91   2.99   3.03   2.42   
6900.   5.67   11.5   17.5   23.5   28.4   2.84   2.91   2.99   3.03   2.42   
6920.   5.68   11.5   17.5   23.5   28.4   2.84   2.91   2.99   3.03   2.42   
6940.   5.68   11.5   17.5   23.6   28.4   2.84   2.91   2.99   3.03   2.42   
6960.   5.68   11.5   17.5   23.6   28.4   2.84   2.91   3.   3.04   2.43   
6980.   5.68   11.5   17.5   23.6   28.4   2.84   2.92   3.   3.04   2.43   
7000.   5.69   11.5   17.5   23.6   28.5   2.84   2.92   3.   3.04   2.43   
7020.   5.69   11.5   17.5   23.6   28.5   2.84   2.92   3.   3.04   2.43   
7120.   5.7   11.6   17.6   23.7   28.5   2.85   2.93   3.01   3.05   2.44   
7220.   5.72   11.6   17.6   23.7   28.6   2.86   2.93   3.02   3.06   2.44   
7320.   5.73   11.6   17.7   23.8   28.7   2.87   2.94   3.02   3.06   2.45   
7420.   5.75   11.6   17.7   23.8   28.8   2.87   2.95   3.03   3.07   2.46   
7520.   5.76   11.7   17.7   23.9   28.8   2.88   2.95   3.04   3.08   2.46   
7620.   5.77   11.7   17.8   24.   28.9   2.89   2.96   3.04   3.09   2.47   
7720.   5.79   11.7   17.8   24.   29.   2.89   2.97   3.05   3.1   2.47   
7820.   5.8   11.7   17.9   24.1   29.   2.9   2.98   3.06   3.1   2.48   
7920.   5.81   11.8   17.9   24.1   29.1   2.91   2.98   3.07   3.11   2.49   
8020.   5.82   11.8   17.9   24.2   29.2   2.91   2.99   3.07   3.12   2.49   
8120.   5.84   11.8   18.   24.2   29.2   2.92   2.99   3.08   3.12   2.5   
8220.   5.85   11.9   18.   24.3   29.3   2.92   3.   3.09   3.13   2.5   
8320.   5.86   11.9   18.1   24.3   29.4   2.93   3.01   3.09   3.14   2.51   
8420.   5.87   11.9   18.1   24.4   29.4   2.94   3.01   3.1   3.14   2.52   
8520.   5.89   11.9   18.1   24.4   29.5   2.94   3.02   3.11   3.15   2.52   
8620.   5.9   12.   18.2   24.5   29.5   2.95   3.03   3.11   3.16   2.53   
8720.   5.91   12.   18.2   24.5   29.6   2.95   3.03   3.12   3.16   2.53   
8820.   5.92   12.   18.2   24.6   29.7   2.96   3.04   3.13   3.17   2.54   
8920.   5.93   12.   18.3   24.6   29.7   2.97   3.04   3.13   3.18   2.54   
9020.   5.94   12.   18.3   24.7   29.8   2.97   3.05   3.14   3.18   2.55   
9120.   5.95   12.1   18.4   24.7   29.8   2.98   3.06   3.14   3.19   2.55   
9220.   5.97   12.1   18.4   24.8   29.9   2.98   3.06   3.15   3.2   2.56   
9320.   5.98   12.1   18.4   24.8   30.   2.99   3.07   3.16   3.2   2.56   
9420.   5.99   12.1   18.5   24.9   30.   2.99   3.07   3.16   3.21   2.57   
9520.   6.   12.2   18.5   24.9   30.1   3.   3.08   3.17   3.22   2.57   
9620.   6.01   12.2   18.5   25.   30.1   3.   3.08   3.17   3.22   2.58   
9720.   6.02   12.2   18.6   25.   30.2   3.01   3.09   3.18   3.23   2.58   
9820.   6.03   12.2   18.6   25.1   30.2   3.02   3.09   3.18   3.23   2.59   
9920.   6.04   12.2   18.6   25.1   30.3   3.02   3.1   3.19   3.24   2.59   
10020.   6.05   12.3   18.7   25.1   30.3   3.03   3.11   3.2   3.24   2.6   
10120.   6.06   12.3   18.7   25.2   30.4   3.03   3.11   3.2   3.25   2.6   
10220.   6.07   12.3   18.7   25.2   30.4   3.04   3.12   3.21   3.26   2.61   
10320.   6.08   12.3   18.7   25.3   30.5   3.04   3.12   3.21   3.26   2.61   
10420.   6.09   12.3   18.8   25.3   30.5   3.05   3.13   3.22   3.27   2.62   
10520.   6.1   12.4   18.8   25.4   30.6   3.05   3.13   3.22   3.27   2.62   
10620.   6.11   12.4   18.8   25.4   30.6   3.06   3.14   3.23   3.28   2.63   
10720.   6.12   12.4   18.9   25.4   30.7   3.06   3.14   3.23   3.28   2.63   
10820.   6.13   12.4   18.9   25.5   30.7   3.06   3.15   3.24   3.29   2.63   
10920.   6.14   12.4   18.9   25.5   30.8   3.07   3.15   3.24   3.29   2.64   
11020.   6.15   12.5   19.   25.6   30.8   3.07   3.16   3.25   3.3   2.64   
11120.   6.16   12.5   19.   25.6   30.9   3.08   3.16   3.25   3.3   2.65   
11220.   6.17   12.5   19.   25.6   30.9   3.08   3.17   3.26   3.31   2.65   
11320.   6.18   12.5   19.   25.7   31.   3.09   3.17   3.26   3.31   2.66   
11420.   6.18   12.5   19.1   25.7   31.   3.09   3.17   3.27   3.32   2.66   
11520.   6.19   12.6   19.1   25.7   31.1   3.1   3.18   3.27   3.32   2.66   
11620.   6.2   12.6   19.1   25.8   31.1   3.1   3.18   3.28   3.33   2.67   
11720.   6.21   12.6   19.2   25.8   31.2   3.11   3.19   3.28   3.33   2.67   
11820.   6.22   12.6   19.2   25.9   31.2   3.11   3.19   3.29   3.34   2.68   
11920.   6.23   12.6   19.2   25.9   31.3   3.11   3.2   3.29   3.34   2.68   
12020.   6.24   12.6   19.2   25.9   31.3   3.12   3.2   3.3   3.35   2.68   
12120.   6.25   12.7   19.3   26.   31.3   3.12   3.21   3.3   3.35   2.69   
12220.   6.25   12.7   19.3   26.   31.4   3.13   3.21   3.3   3.36   2.69   
12320.   6.26   12.7   19.3   26.   31.4   3.13   3.21   3.31   3.36   2.7   
12420.   6.27   12.7   19.3   26.1   31.5   3.14   3.22   3.31   3.37   2.7   
12520.   6.28   12.7   19.4   26.1   31.5   3.14   3.22   3.32   3.37   2.7   
12620.   6.29   12.7   19.4   26.1   31.6   3.14   3.23   3.32   3.38   2.71   
12720.   6.3   12.8   19.4   26.2   31.6   3.15   3.23   3.33   3.38   2.71   
12820.   6.3   12.8   19.4   26.2   31.6   3.15   3.24   3.33   3.39   2.72   
12920.   6.31   12.8   19.5   26.2   31.7   3.16   3.24   3.34   3.39   2.72   
13020.   6.32   12.8   19.5   26.3   31.7   3.16   3.24   3.34   3.39   2.72   
13120.   6.33   12.8   19.5   26.3   31.8   3.16   3.25   3.34   3.4   2.73   
13220.   6.33   12.8   19.5   26.3   31.8   3.17   3.25   3.35   3.4   2.73   
13320.   6.34   12.9   19.6   26.4   31.8   3.17   3.26   3.35   3.41   2.73   
13420.   6.35   12.9   19.6   26.4   31.9   3.18   3.26   3.36   3.41   2.74   
13520.   6.36   12.9   19.6   26.4   31.9   3.18   3.26   3.36   3.42   2.74   
13620.   6.37   12.9   19.6   26.5   32.   3.18   3.27   3.36   3.42   2.74   
13720.   6.37   12.9   19.7   26.5   32.   3.19   3.27   3.37   3.43   2.75   
13820.   6.38   12.9   19.7   26.5   32.   3.19   3.28   3.37   3.43   2.75   
13920.   6.39   12.9   19.7   26.6   32.1   3.19   3.28   3.38   3.43   2.75   
14020.   6.4   13.   19.7   26.6   32.1   3.2   3.28   3.38   3.44   2.76   
14120.   6.4   13.   19.7   26.6   32.2   3.2   3.29   3.38   3.44   2.76   
