-0.5	0.5	0.179767	+0.003595	-0.003595	+0.028401	-0.028401
0.5	1.5	0.155985	+0.00312	-0.00312	+0.006072	-0.006072
1.5	2.5	0.140806	+0.002816	-0.002816	+0.003809	-0.003809
2.5	3.5	0.120933	+0.002419	-0.002419	+0.004701	-0.004701
3.5	4.5	0.097273	+0.001945	-0.001945	+0.004175	-0.004175
4.5	5.5	0.075258	+0.001505	-0.001505	+0.003439	-0.003439
5.5	6.5	0.057395	+0.001148	-0.001148	+0.002958	-0.002958
6.5	7.5	0.043794	+8.76E-4	-8.76E-4	+0.002141	-0.002141
7.5	8.5	0.033212	+6.64E-4	-6.64E-4	+0.001607	-0.001607
8.5	9.5	0.024939	+4.99E-4	-4.99E-4	+0.001188	-0.001188
9.5	10.5	0.018642	+3.97E-4	-3.97E-4	+9.06E-4	-9.06E-4
10.5	11.5	0.013927	+3.57E-4	-3.57E-4	+6.76E-4	-6.76E-4
11.5	12.5	0.010337	+3.03E-4	-3.03E-4	+4.91E-4	-4.91E-4
12.5	13.5	0.007693	+2.66E-4	-2.66E-4	+3.63E-4	-3.63E-4
13.5	14.5	0.005665	+2.34E-4	-2.34E-4	+2.88E-4	-2.88E-4
14.5	15.5	0.004134	+2.01E-4	-2.01E-4	+2.42E-4	-2.42E-4
15.5	16.5	0.002994	+1.71E-4	-1.71E-4	+2.09E-4	-2.09E-4
16.5	17.5	0.002144	+1.46E-4	-1.46E-4	+1.66E-4	-1.66E-4
17.5	18.5	0.001527	+1.26E-4	-1.26E-4	+1.26E-4	-1.26E-4
18.5	19.5	0.001093	+9.6E-5	         -9.6E-5	+9.6E-5	        -9.6E-5
19.5	20.5	8.03E-4	        +9.7E-5  	-9.7E-5	        +7.8E-5	        -7.8E-5
20.5	22.5	4.82E-4	        +7.1E-5 	-7.1E-5	        +6.7E-5	        -6.7E-5
22.5	24.5	2.56E-4	        +4.6E-5	         -4.6E-5	+4.0E-5	        -4.0E-5
24.5	26.5	1.02E-4	        +2.7E-5  	-2.7E-5	        +2.2E-5 	-2.2E-5
