-0.5	0.5	0.092396	+0.001848	-0.001848	+0.02181	-0.02181
0.5	1.5	0.076087	+0.001522	-0.001522	+0.00643	-0.00643
1.5	2.5	0.073233	+0.001465	-0.001465	+0.004204	-0.004204
2.5	3.5	0.078506	+0.00157	-0.00157	+0.003118	-0.003118
3.5	4.5	0.080885	+0.001618	-0.001618	+0.00247	-0.00247
4.5	5.5	0.077084	+0.001542	-0.001542	+0.002443	-0.002443
5.5	6.5	0.070058	+0.001401	-0.001401	+0.002648	-0.002648
6.5	7.5	0.062258	+0.001245	-0.001245	+0.003017	-0.003017
7.5	8.5	0.054437	+0.001089	-0.001089	+0.002712	-0.002712
8.5	9.5	0.047195	+9.44E-4	-9.44E-4	+0.002447	-0.002447
9.5	10.5	0.040978	+8.2E-4	-8.2E-4	+0.002201	-0.002201
10.5	11.5	0.035352	+7.07E-4	-7.07E-4	+0.001968	-0.001968
11.5	12.5	0.03048	+6.1E-4	-6.1E-4	+0.001624	-0.001624
12.5	13.5	0.026336	+5.27E-4	-5.27E-4	+0.001379	-0.001379
13.5	14.5	0.022788	+4.56E-4	-4.56E-4	+0.001174	-0.001174
14.5	15.5	0.019725	+3.94E-4	-3.94E-4	+9.74E-4	-9.74E-4
15.5	16.5	0.017071	+3.41E-4	-3.41E-4	+8.35E-4	-8.35E-4
16.5	17.5	0.014674	+3.0E-4	-3.0E-4	+7.24E-4	-7.24E-4
17.5	18.5	0.012509	+2.76E-4	-2.76E-4	+5.81E-4	-5.81E-4
18.5	19.5	0.010593	+2.56E-4	-2.56E-4	+5.07E-4	-5.07E-4
19.5	20.5	0.008935	+2.38E-4	-2.38E-4	+4.36E-4	-4.36E-4
20.5	21.5	0.007527	+2.23E-4	-2.23E-4	+3.88E-4	-3.88E-4
21.5	22.5	0.006361	+2.07E-4	-2.07E-4	+3.47E-4	-3.47E-4
22.5	23.5	0.005416	+1.91E-4	-1.91E-4	+2.77E-4	-2.77E-4
23.5	24.5	0.004665	+1.8E-4	-1.8E-4	+2.3E-4	-2.3E-4
24.5	25.5	0.004041	+1.7E-4	-1.7E-4	+2.25E-4	-2.25E-4
25.5	26.5	0.003519	+1.59E-4	-1.59E-4	+2.18E-4	-2.18E-4
26.5	27.5	0.00306	+1.47E-4	-1.47E-4	+2.08E-4	-2.08E-4
27.5	28.5	0.002637	+1.3E-4	-1.3E-4	+1.96E-4	-1.96E-4
28.5	29.5	0.002234	+1.25E-4	-1.25E-4	+1.8E-4	-1.8E-4
29.5	30.5	0.001856	+1.14E-4	-1.14E-4	+1.61E-4	-1.61E-4
30.5	31.5	0.001512	+1.02E-4	-1.02E-4	+1.41E-4	-1.41E-4
31.5	32.5	0.001213	+9.1E-5	-9.1E-5	+1.2E-4	-1.2E-4
32.5	33.5	9.62E-4	+8.2E-5	-8.2E-5	+1.01E-4	-1.01E-4
33.5	34.5	7.61E-4	+7.4E-5	-7.4E-5	+8.5E-5	-8.5E-5
34.5	35.5	6.02E-4	+6.6E-5	-6.6E-5	+7.1E-5	-7.1E-5
35.5	36.5	4.84E-4	+6.0E-5	-6.0E-5	+6.0E-5	-6.0E-5
36.5	37.5	3.93E-4	+5.4E-5	-5.4E-5	+5.1E-5	-5.1E-5
37.5	38.5	3.27E-4	+5.0E-5	-5.0E-5	+4.5E-5	-4.5E-5
38.5	39.5	2.76E-4	+4.6E-5	-4.6E-5	+3.9E-5	-3.9E-5
39.5	40.5	2.37E-4	+4.3E-5	-4.3E-5	+3.5E-5	-3.5E-5
40.5	42.5	1.7E-4	+3.4E-5	-3.4E-5	+3.1E-5	-3.1E-5
