0.5	1.5	0.753	+0.00122	-0.00122	+0.00759	-0.00759
1.5	2.5	0.767	+0.00109	-0.00109	+0.00791	-0.00791
2.5	3.5	0.785	+0.00102	-0.00102	+0.00834	-0.00834
3.5	4.5	0.802	+0.00102	-0.00102	+0.00875	-0.00875
4.5	5.5	0.819	+0.00106	-0.00106	+0.0091	-0.0091
5.5	6.5	0.835	+0.00112	-0.00112	+0.00937	-0.00937
6.5	7.5	0.849	+0.00118	-0.00118	+0.00958	-0.00958
7.5	8.5	0.862	+0.00126	-0.00126	+0.0097	-0.0097
8.5	9.5	0.874	+0.00134	-0.00134	+0.00977	-0.00977
9.5	10.5	0.884	+0.00142	-0.00142	+0.00978	-0.00978
10.5	11.5	0.893	+0.00152	-0.00152	+0.0098	-0.0098
11.5	12.5	0.901	+0.00161	-0.00161	+0.00984	-0.00984
12.5	13.5	0.908	+0.00172	-0.00172	+0.00989	-0.00989
13.5	14.5	0.915	+0.00184	-0.00184	+0.00998	-0.00998
14.5	15.5	0.922	+0.00197	-0.00197	+0.0101	-0.0101
15.5	16.5	0.928	+0.00212	-0.00212	+0.0101	-0.0101
16.5	17.5	0.934	+0.00228	-0.00228	+0.0102	-0.0102
17.5	18.5	0.939	+0.00246	-0.00246	+0.0103	-0.0103
18.5	19.5	0.945	+0.00266	-0.00266	+0.0104	-0.0104
19.5	20.5	0.95	+0.00289	-0.00289	+0.0105	-0.0105
20.5	21.5	0.956	+0.00317	-0.00317	+0.0105	-0.0105
21.5	22.5	0.96	+0.00348	-0.00348	+0.0105	-0.0105
22.5	23.5	0.965	+0.00381	-0.00381	+0.0105	-0.0105
23.5	24.5	0.969	+0.00418	-0.00418	+0.0105	-0.0105
24.5	25.5	0.973	+0.00459	-0.00459	+0.0105	-0.0105
25.5	26.5	0.977	+0.00504	-0.00504	+0.0106	-0.0106
26.5	27.5	0.98	+0.00554	-0.00554	+0.0107	-0.0107
27.5	28.5	0.984	+0.00612	-0.00612	+0.0109	-0.0109
28.5	29.5	0.988	+0.00672	-0.00672	+0.0111	-0.0111
29.5	30.5	0.993	+0.00753	-0.00753	+0.0114	-0.0114
30.5	31.5	0.997	+0.00835	-0.00835	+0.0115	-0.0115
31.5	34.5	1.01	+0.00601	-0.00601	+0.0147	-0.0147
34.5	39.5	1.02	+0.00718	-0.00718	+0.0205	-0.0205
39.5	49.5	1.04	+0.0103	-0.0103	+0.0516	-0.0516
49.5	60.5	1.04	+0.0279	-0.0279	+0.117	-0.117
