0.5	1.5	0.131	+9.12E-4	-9.12E-4	+0.0177	-0.0177
1.5	2.5	0.129	+9.04E-4	-9.04E-4	+0.0093	-0.0093
2.5	3.5	0.118	+8.32E-4	-8.32E-4	+0.00505	-0.00505
3.5	4.5	0.0999	+7.46E-4	-7.46E-4	+0.0032	-0.0032
4.5	5.5	0.0822	+6.67E-4	-6.67E-4	+0.0025	-0.0025
5.5	6.5	0.0679	+6.02E-4	-6.02E-4	+0.00213	-0.00213
6.5	7.5	0.0571	+5.47E-4	-5.47E-4	+0.00192	-0.00192
7.5	8.5	0.0482	+5.0E-4	-5.0E-4	+0.00176	-0.00176
8.5	9.5	0.0409	+4.56E-4	-4.56E-4	+0.00163	-0.00163
9.5	10.5	0.0349	+4.19E-4	-4.19E-4	+0.00151	-0.00151
10.5	11.5	0.0298	+3.84E-4	-3.84E-4	+0.00141	-0.00141
11.5	12.5	0.0256	+3.54E-4	-3.54E-4	+0.00133	-0.00133
12.5	13.5	0.022	+3.23E-4	-3.23E-4	+0.00127	-0.00127
13.5	14.5	0.0187	+2.94E-4	-2.94E-4	+0.0012	-0.0012
14.5	15.5	0.0157	+2.68E-4	-2.68E-4	+0.00112	-0.00112
15.5	16.5	0.0132	+2.44E-4	-2.44E-4	+0.00102	-0.00102
16.5	17.5	0.011	+2.23E-4	-2.23E-4	+9.17E-4	-9.17E-4
17.5	18.5	0.00937	+2.04E-4	-2.04E-4	+8.43E-4	-8.43E-4
18.5	19.5	0.0080	+1.86E-4	-1.86E-4	+7.8E-4	-7.8E-4
19.5	20.5	0.00678	+1.68E-4	-1.68E-4	+7.17E-4	-7.17E-4
20.5	21.5	0.0057	+1.54E-4	-1.54E-4	+6.59E-4	-6.59E-4
21.5	22.5	0.00478	+1.39E-4	-1.39E-4	+6.01E-4	-6.01E-4
22.5	23.5	0.00395	+1.25E-4	-1.25E-4	+5.37E-4	-5.37E-4
23.5	24.5	0.00324	+1.14E-4	-1.14E-4	+4.73E-4	-4.73E-4
24.5	25.5	0.00264	+1.01E-4	-1.01E-4	+4.12E-4	-4.12E-4
25.5	26.5	0.00215	+9.13E-5	-9.13E-5	+3.56E-4	-3.56E-4
26.5	27.5	0.00177	+8.19E-5	-8.19E-5	+3.11E-4	-3.11E-4
27.5	28.5	0.00145	+7.37E-5	-7.37E-5	+2.69E-4	-2.69E-4
28.5	29.5	0.00122	+6.67E-5	-6.67E-5	+2.39E-4	-2.39E-4
29.5	30.5	9.95E-4	+5.9E-5	-5.9E-5	+2.07E-4	-2.07E-4
30.5	31.5	7.82E-4	+5.34E-5	-5.34E-5	+1.71E-4	-1.71E-4
31.5	34.5	5.18E-4	+4.27E-5	-4.27E-5	+1.23E-4	-1.23E-4
34.5	39.5	2.23E-4	+2.72E-5	-2.72E-5	+6.11E-5	-6.11E-5
39.5	49.5	4.61E-5	+1.13E-5	-1.13E-5	+1.63E-5	-1.63E-5
49.5	60.5	4.07E-6	+3.15E-6	-3.15E-6	+2.83E-6	-2.83E-6
