2.0	2.0	1.475	+0.03	-0.03    2.
4.0	4.0	2.166	+0.036	-0.036   2.
6.0	6.0	2.978	+0.043	-0.043   2.
8.0	8.0	3.614	+0.047	-0.047   2.
10.0	10.0	3.608	+0.047	-0.047   2.
12.0	12.0	2.68	+0.047	-0.047   2.
14.0	14.0	3.334	+0.045	-0.045   2.
16.0	16.0	3.018	+0.043	-0.043   2.
18.0	18.0	2.652	+0.04	-0.04    2.
20.0	20.0	2.414	+0.038	-0.038   2.
22.0	22.0	2.124	+0.036	-0.036   2.
24.0	24.0	1.881	+0.034	-0.034   2.
26.0	26.0	1.655	+0.032	-0.032   2.
28.0	28.0	1.486	+0.03	-0.03    2.
30.0	30.0	1.313	+0.028	-0.028   2.
32.0	32.0	1.201	+0.027	-0.027   2.
34.0	34.0	1.027	+0.025	-0.025   2.
36.0	36.0	0.91	+0.024	-0.024   2.
38.0	38.0	0.744	+0.021	-0.021   2.
40.0	40.0	0.62	+0.019	-0.019   2.
42.0	42.0	0.559	+0.018	-0.018   2.
44.0	44.0	0.421	+0.016	-0.016   2.
46.0	46.0	0.385	+0.015	-0.015   2.
48.0	48.0	0.278	+0.013	-0.013   2.
50.0	50.0	0.234	+0.012	-0.012   2.
52.0	52.0	0.181	+0.01	-0.01    2.
54.0	54.0	0.153	+0.01	-0.01    2.
56.0	56.0	0.1141	+0.0083	-0.0083  2.
58.0	58.0	0.0941	+0.0076	-0.0076  2.
60.0	60.0	0.0607	+0.0061	-0.0061  2.
62.0	62.0	0.0561	+0.0060	-0.0060  2.
64.0	64.0	0.0474	+0.0056	-0.0056  2.
66.0	66.0	0.0279	+0.0044	-0.0044  2.
68.0	68.0	0.0175	+0.0036	-0.0036  2.
70.0	70.0	0.0091	+0.0026	-0.0026  2.
74.0	74.0	0.0078	+0.0018	-0.0018  4.
78.0	78.0	0.0033	+0.0010	-0.0010  4.
84.0	84.0	0.0011	+8.0E-4	-8.0E-4  6.
