0.0	0.0	0.033	+0.0060	-0.0060
1.0	1.0	0.035	+0.0050	-0.0050
2.0	2.0	0.048	+0.0040	-0.0040
3.0	3.0	0.058	+0.0040	-0.0040
4.0	4.0	0.065	+0.0040	-0.0040
5.0	5.0	0.066	+0.0040	-0.0040
6.0	6.0	0.063	+0.0040	-0.0040
7.0	7.0	0.06	+0.0040	-0.0040
8.0	8.0	0.056	+0.0040	-0.0040
9.0	9.0	0.051	+0.0040	-0.0040
10.0	10.0	0.046	+0.0040	-0.0040
11.0	11.0	0.042	+0.0030	-0.0030
12.0	12.0	0.038	+0.0030	-0.0030
13.0	13.0	0.034	+0.0030	-0.0030
14.0	14.0	0.031	+0.0030	-0.0030
15.0	15.0	0.028	+0.0030	-0.0030
16.0	16.0	0.025	+0.0030	-0.0030
17.0	17.0	0.023	+0.0030	-0.0030
18.0	18.0	0.021	+0.0020	-0.0020
19.0	19.0	0.018	+0.0020	-0.0020
20.0	20.0	0.017	+0.0020	-0.0020
21.0	21.0	0.015	+0.0020	-0.0020
22.0	22.0	0.014	+0.0020	-0.0020
23.0	23.0	0.012	+0.0020	-0.0020
24.0	24.0	0.011	+0.0020	-0.0020
25.0	25.0	0.01	+0.0020	-0.0020
26.0	26.0	0.0090	+0.0020	-0.0020
27.0	27.0	0.0080	+0.0020	-0.0020
28.0	28.0	0.0070	+0.0010	-0.0010
29.0	29.0	0.0070	+0.0010	-0.0010
30.0	30.0	0.0060	+0.0010	-0.0010
31.0	31.0	0.0050	+0.0010	-0.0010
32.0	32.0	0.0050	+0.0010	-0.0010
33.0	33.0	0.0040	+0.0010	-0.0010
34.0	34.0	0.0040	+0.0010	-0.0010
35.0	35.0	0.0030	+0.0010	-0.0010
36.0	36.0	0.0028	+9.0E-4	-9.0E-4
37.0	37.0	0.0025	+8.0E-4	-8.0E-4
38.0	38.0	0.0024	+8.0E-4	-8.0E-4
39.0	39.0	0.0019	+7.0E-4	-7.0E-4
40.0	40.0	0.0017	+7.0E-4	-7.0E-4
41.0	41.0	0.0014	+6.0E-4	-6.0E-4
42.0	42.0	0.0013	+6.0E-4	-6.0E-4
43.0	43.0	0.0011	+6.0E-4	-6.0E-4
44.0	44.0	0.0010	+5.0E-4	-5.0E-4
45.0	45.0	9.0E-4	+5.0E-4	-5.0E-4
46.0	46.0	7.0E-4	+5.0E-4	-5.0E-4
47.0	48.0	0.0012	+6.0E-4	-6.0E-4
49.0	50.0	8.0E-4	+5.0E-4	-5.0E-4
51.0	53.0	8.0E-4	+5.0E-4	-5.0E-4
54.0	58.0	8.0E-4	+5.0E-4	-5.0E-4
59.0	75.0	7.0E-4	+6.0E-4	-6.0E-4
