0.0	0.0	0.15	+0.01	-0.01
1.0	1.0	0.171	+0.0070	-0.0070
2.0	2.0	0.153	+0.0070	-0.0070
3.0	3.0	0.124	+0.0060	-0.0060
4.0	4.0	0.099	+0.0050	-0.0050
5.0	5.0	0.076	+0.0050	-0.0050
6.0	6.0	0.057	+0.0040	-0.0040
7.0	7.0	0.043	+0.0040	-0.0040
8.0	8.0	0.032	+0.0030	-0.0030
9.0	9.0	0.024	+0.0030	-0.0030
10.0	10.0	0.018	+0.0020	-0.0020
11.0	11.0	0.013	+0.0020	-0.0020
12.0	12.0	0.01	+0.0020	-0.0020
13.0	13.0	0.0070	+0.0010	-0.0010
14.0	14.0	0.0050	+0.0010	-0.0010
15.0	15.0	0.0040	+0.0010	-0.0010
16.0	16.0	0.0027	+9.0E-4	-9.0E-4
17.0	17.0	0.0021	+8.0E-4	-8.0E-4
18.0	18.0	0.0015	+7.0E-4	-7.0E-4
19.0	19.0	0.0011	+6.0E-4	-6.0E-4
20.0	20.0	8.0E-4	+5.0E-4	-5.0E-4
21.0	23.0	0.0013	+6.0E-4	-6.0E-4
24.0	31.0	9.0E-4	+5.0E-4	-5.0E-4
